clade	species	ts	te
1	307	63	62
1	308	63	62
2	861	46	41
2	1117	42	41
2	1269	23	14
3	394	85	80
4	1553	79	78
4	1873	77	76
4	1882	76	76
4	1891	75	74
5	387	57	41
5	393	57	47
5	396	47	35
5	655	54	49
5	699	37	32
5	748	54	53
5	820	54	53
5	917	35	27
5	1244	45	37
5	1266	45	38
5	1326	47	41
5	1543	50	48
5	1550	44	37
5	2251	40	35
5	2376	57	46
5	2384	57	45
5	2408	49	49
5	2715	36	32
5	2780	54	53
6	1251	53	50
7	940	90	89
7	2670	90	89
8	1601	87	86
8	1604	83	83
8	1605	83	83
8	1606	82	82
8	1607	82	82
8	1608	82	82
8	1609	86	86
8	1628	85	85
8	1629	81	81
8	1757	103	103
8	1762	102	102
8	1763	102	102
8	1768	103	103
8	1779	100	98
8	1780	99	99
8	1781	101	101
8	1782	101	101
8	1783	100	100
8	1784	89	89
8	1793	102	102
8	1794	103	103
8	1795	102	102
8	1796	103	103
8	1797	103	103
8	1804	102	102
8	1807	102	102
8	1821	102	102
8	1835	99	99
8	1836	98	94
8	1837	100	99
8	1839	92	90
8	1840	98	97
8	1841	101	101
8	1842	101	101
8	1843	100	100
8	1845	103	103
8	1846	92	92
8	1852	92	91
8	1854	80	80
8	1855	79	79
8	1856	90	87
8	1863	86	86
8	1865	85	85
8	1892	81	81
8	1893	81	81
8	1919	86	86
8	1922	83	83
8	1923	83	83
8	1924	82	82
8	1925	82	82
8	1926	82	82
8	1927	90	90
8	1932	88	87
8	1940	80	80
8	1941	79	79
8	1942	90	87
8	1945	86	86
8	1948	85	85
8	1949	84	84
8	1950	84	84
8	1966	81	81
8	1967	81	81
8	1969	87	86
8	1997	111	111
8	2005	110	105
8	2012	109	105
8	2018	108	105
8	2033	104	104
8	2042	107	104
8	2047	107	105
8	2057	107	104
8	2061	104	93
8	2067	104	104
8	2075	104	104
8	2093	105	105
8	2096	105	105
8	2106	104	104
8	2118	99	99
8	2122	105	105
8	2124	104	104
8	2494	87	87
9	421	10	8
9	1275	50	11
10	2006	95	93
10	2018	100	96
11	1411	86	85
11	1412	86	85
12	380	10	5
12	399	42	40
12	611	44	42
12	612	61	10
12	616	79	73
12	687	24	19
12	943	56	25
12	946	7	0
12	947	2	0
12	960	56	32
12	1228	50	48
12	1247	45	43
12	1248	47	46
12	1249	47	46
12	1250	45	43
12	1294	56	52
12	1432	10	0
12	1445	56	10
12	1453	57	57
12	1454	75	75
12	1455	80	73
12	1486	9	4
12	1578	106	105
12	1659	105	105
12	1758	102	102
12	1904	106	106
12	2166	39	36
12	2256	24	10
12	2363	11	8
12	2383	27	24
12	2385	42	0
12	2389	13	8
12	2391	52	16
12	2399	65	19
12	2400	75	66
12	2401	79	75
12	2402	79	76
12	2516	85	80
12	2524	85	80
12	2533	85	80
12	2565	84	82
12	2576	84	80
12	2623	95	95
12	2678	40	26
12	2679	61	17
12	2689	29	28
12	2690	30	30
12	2696	65	46
12	2697	79	75
12	2705	69	66
12	2706	74	73
12	2707	74	73
12	2717	51	43
12	2735	87	87
12	2766	65	57
12	2778	75	66
12	2819	10	8
12	2913	3	0
12	2980	53	45
13	119	89	88
13	120	87	87
13	121	86	86
13	128	85	85
13	129	84	84
13	130	83	83
13	131	82	82
13	132	81	80
13	135	85	85
13	136	84	84
13	137	83	83
13	138	82	82
13	139	81	80
13	191	85	85
13	192	84	84
13	193	83	83
13	194	82	82
13	195	81	80
13	236	22	22
13	379	28	22
13	412	2	0
13	484	8	7
13	495	28	23
13	580	50	39
13	597	18	14
13	642	33	27
13	687	69	19
13	746	12	0
13	851	62	10
13	870	9	4
13	942	62	13
13	945	1	0
13	953	16	0
13	954	12	0
13	955	13	2
13	1147	50	19
13	1748	106	101
13	1997	112	111
13	2005	111	110
13	2012	110	110
13	2018	110	110
13	2042	108	107
13	2047	109	107
13	2057	109	108
13	2061	109	109
13	2067	109	107
13	2096	107	107
13	2106	107	106
13	2533	79	73
13	2534	65	51
13	2535	77	75
13	2536	69	66
13	2538	76	64
13	2541	75	51
13	2544	74	73
13	2545	78	77
13	2548	74	73
13	2552	79	78
13	2553	57	57
13	2556	75	75
13	2557	79	73
13	2558	69	51
13	2565	79	79
13	2570	79	78
13	2576	79	75
13	2647	39	11
13	2722	11	0
13	2752	10	4
13	2867	100	100
13	2868	99	99
13	2869	98	98
13	2870	97	96
13	2871	95	94
13	2872	93	92
13	2889	91	90
13	2992	11	6
13	2994	2	0
14	1327	90	88
14	1743	101	100
14	1767	101	100
14	1789	101	100
14	2061	103	103
14	2081	102	102
14	2106	99	98
14	2109	102	96
14	2119	95	94
14	2120	93	93
14	2121	93	92
14	2122	93	90
14	2124	91	88
15	1760	91	91
15	1761	90	90
15	1767	89	89
16	315	45	41
16	318	45	41
16	323	68	65
16	324	68	65
16	325	65	63
16	326	65	63
16	327	62	61
16	328	62	61
16	329	60	57
16	330	60	57
16	331	57	52
16	332	57	52
16	360	56	41
16	820	46	45
16	1532	56	33
16	2783	58	51
16	2812	63	41
17	38	61	61
17	143	56	56
17	144	56	56
17	145	56	56
17	146	56	56
17	147	56	56
17	152	56	56
17	153	56	56
17	205	100	100
17	352	84	84
17	375	74	74
17	376	74	74
17	377	74	74
17	381	74	74
17	397	74	74
17	408	15	7
17	410	30	10
17	418	8	2
17	419	13	9
17	420	13	9
17	423	11	1
17	424	9	4
17	454	35	24
17	457	22	13
17	464	65	34
17	467	28	19
17	469	72	72
17	477	57	43
17	478	73	73
17	479	73	69
17	480	73	70
17	483	46	10
17	485	73	70
17	486	73	70
17	494	57	43
17	507	40	29
17	508	55	48
17	509	55	41
17	510	55	29
17	527	27	16
17	528	23	16
17	530	40	29
17	531	48	48
17	532	55	41
17	533	55	29
17	539	27	15
17	540	23	16
17	543	40	29
17	544	55	49
17	545	55	41
17	548	20	15
17	550	27	11
17	551	24	13
17	554	55	51
17	555	12	6
17	557	35	25
17	560	25	6
17	562	35	25
17	563	25	19
17	567	18	6
17	569	35	25
17	570	25	19
17	574	18	6
17	583	48	0
17	587	49	0
17	588	7	0
17	591	18	16
17	598	33	10
17	610	33	25
17	632	51	42
17	633	39	28
17	634	20	3
17	635	53	47
17	636	12	12
17	637	16	12
17	638	5	1
17	639	8	6
17	644	35	32
17	645	31	30
17	646	0	0
17	654	69	69
17	655	11	10
17	670	10	5
17	675	11	0
17	687	24	21
17	702	83	83
17	703	83	83
17	711	13	7
17	714	28	19
17	716	55	46
17	717	54	51
17	718	62	0
17	741	5	0
17	814	81	81
17	816	58	57
17	859	70	69
17	865	69	69
17	866	69	69
17	869	69	69
17	917	82	82
17	918	82	82
17	941	56	28
17	951	11	9
17	952	10	0
17	959	46	45
17	970	19	1
17	971	19	0
17	972	19	0
17	973	6	0
17	974	5	1
17	975	5	1
17	1141	74	63
17	1142	69	63
17	1143	74	67
17	1144	69	67
17	1187	40	20
17	1188	51	41
17	1195	40	20
17	1196	50	41
17	1203	40	13
17	1204	45	41
17	1217	78	78
17	1218	78	78
17	1219	78	78
17	1261	77	77
17	1262	77	77
17	1263	77	77
17	1264	9	4
17	1277	57	0
17	1278	1	0
17	1325	76	76
17	1328	76	76
17	1329	76	76
17	1343	40	29
17	1344	55	41
17	1345	55	29
17	1354	27	16
17	1355	23	16
17	1356	40	29
17	1357	48	48
17	1358	55	41
17	1359	55	29
17	1366	27	15
17	1367	23	16
17	1368	38	29
17	1369	47	41
17	1373	27	15
17	1375	40	29
17	1378	75	75
17	1379	75	75
17	1380	75	75
17	1381	56	42
17	1403	75	75
17	1425	16	15
17	1434	42	39
17	1462	28	20
17	1487	25	14
17	1488	25	19
17	1489	20	19
17	1490	40	10
17	1491	43	41
17	1530	51	0
17	1545	81	77
17	1547	76	75
17	1548	80	78
17	1549	78	77
17	1551	4	1
17	1560	82	82
17	1561	11	7
17	1563	23	14
17	2131	45	8
17	2134	40	35
17	2160	60	54
17	2161	46	27
17	2165	62	58
17	2168	11	5
17	2169	3	1
17	2188	40	35
17	2190	55	48
17	2191	48	41
17	2209	40	26
17	2210	55	48
17	2211	47	41
17	2220	40	13
17	2221	55	48
17	2222	47	41
17	2234	36	25
17	2241	23	19
17	2259	56	54
17	2281	79	79
17	2319	17	13
17	2332	28	28
17	2333	28	27
17	2345	20	14
17	2347	26	24
17	2348	28	27
17	2349	28	27
17	2350	20	13
17	2351	26	26
17	2352	26	24
17	2354	28	27
17	2357	26	24
17	2431	33	11
17	2432	32	21
17	2496	68	55
17	2661	20	16
17	2662	16	0
17	2663	14	8
17	2664	16	1
17	2665	14	0
17	2666	14	0
17	2667	8	0
17	2691	3	0
17	2693	15	9
17	2694	3	0
17	2695	1	0
17	2701	75	73
17	2711	30	27
17	2718	30	23
17	2723	1	0
17	2724	12	9
17	2727	81	79
17	2736	80	79
17	2753	66	63
17	2754	66	63
17	2755	69	67
17	2756	55	0
17	2757	20	1
17	2758	15	2
17	2785	90	90
17	2803	18	6
17	2804	18	6
17	2805	20	0
17	2823	16	16
17	2827	11	1
17	2836	46	43
17	2838	26	7
17	2839	13	6
17	2840	13	9
17	2856	6	0
17	2857	2	0
17	2858	80	55
17	2863	62	58
17	2882	85	85
17	2883	85	85
17	2884	10	6
17	2890	28	28
17	2891	28	27
17	2893	26	24
17	2894	28	28
17	2895	28	27
17	2897	26	24
17	2898	28	27
17	2900	26	24
17	2901	76	76
17	2909	12	7
17	2910	44	38
17	2912	18	10
17	2929	4	0
17	2954	20	7
17	2957	20	5
17	2959	15	6
17	2961	11	6
17	2963	75	75
17	2995	57	57
17	2996	74	74
17	3001	13	9
18	56	4	0
18	104	60	1
18	110	1	1
18	111	17	11
18	363	79	78
18	365	80	80
18	366	81	81
18	369	79	79
18	370	80	80
18	371	80	80
18	372	79	79
18	373	80	80
18	406	8	6
18	529	77	77
18	534	76	76
18	535	75	75
18	541	75	75
18	542	74	74
18	543	74	74
18	546	74	73
18	547	73	73
18	552	73	73
18	553	73	73
18	641	18	18
18	643	20	5
18	700	22	11
18	704	28	26
18	708	40	32
18	735	11	7
18	736	75	66
18	748	78	78
18	761	84	83
18	813	31	22
18	846	84	83
18	877	27	22
18	903	32	31
18	963	30	29
18	964	32	31
18	1103	32	26
18	1238	20	13
18	1279	78	22
18	1280	79	79
18	1281	80	80
18	1282	81	81
18	1283	69	67
18	1284	78	76
18	1285	79	78
18	1286	80	80
18	1287	80	80
18	1288	81	81
18	1289	81	81
18	1290	83	82
18	1291	82	82
18	1292	22	11
18	1437	31	29
18	1443	38	20
18	1447	21	14
18	2009	91	90
18	2152	60	59
18	2154	20	13
18	2156	77	77
18	2157	76	19
18	2158	65	34
18	2252	11	7
18	2326	14	13
18	2329	14	5
18	2411	78	65
18	2414	69	66
18	2415	82	82
18	2416	76	76
18	2475	76	55
18	2476	69	66
18	2493	20	5
18	2527	87	87
18	2531	89	89
18	2533	89	89
18	2541	87	87
18	2545	86	86
18	2546	86	84
18	2552	86	83
18	2556	87	87
18	2557	86	86
18	2560	85	84
18	2566	87	85
18	2593	81	81
18	2594	81	81
18	2595	85	83
18	2596	85	83
18	2597	83	83
18	2598	83	78
18	2599	85	84
18	2600	82	82
18	2601	83	83
18	2605	89	89
18	2606	88	88
18	2610	88	88
18	2612	89	89
18	2615	88	88
18	2619	88	88
18	2636	85	84
18	2637	84	83
18	2726	60	59
18	2731	84	83
18	2750	20	18
18	2813	26	24
18	2834	74	0
18	2852	75	75
18	2930	20	7
18	2982	75	54
18	2983	69	66
19	1758	90	89
19	1789	96	95
19	1798	94	93
19	1799	92	91
19	1800	90	89
20	2495	3	2
21	356	95	93
21	400	100	100
21	414	99	99
21	1104	102	102
21	1165	103	102
21	1166	101	101
21	1338	100	100
21	1339	100	100
21	1748	105	104
21	2571	97	96
21	2574	92	90
21	2670	101	101
21	2675	102	102
22	345	82	82
22	462	82	81
22	1150	82	82
23	271	79	79
23	273	79	78
23	1404	86	83
24	734	76	65
24	1043	65	63
24	1268	66	63
24	2254	67	63
24	2281	68	63
24	2727	65	63
24	2766	65	63
24	2779	63	63
24	2781	64	64
25	706	62	61
25	2054	104	103
25	2067	102	102
25	2093	101	101
25	2096	100	99
25	2640	98	94
25	2642	93	92
25	2643	91	91
25	2644	90	88
25	2645	87	86
26	811	60	57
27	2524	95	94
27	2533	93	92
27	2552	92	91
27	2555	93	93
27	2565	92	92
27	2576	90	90
27	2577	90	90
27	2578	89	88
27	2579	89	88
27	2583	88	88
27	2585	87	87
28	706	83	83
29	864	34	32
30	351	59	54
30	363	81	80
30	364	80	79
30	368	80	80
30	748	72	70
30	820	72	70
30	823	79	79
30	850	54	54
30	1106	63	56
30	1107	60	54
30	1110	58	56
30	2016	85	83
30	2017	85	84
30	2057	86	85
30	2097	84	83
30	2099	83	83
30	2100	82	82
30	2306	62	61
30	2420	73	73
30	2421	69	67
30	2422	66	66
30	2423	65	65
30	2424	64	63
30	2425	78	78
30	2426	77	77
30	2428	76	76
30	2429	75	75
30	2430	74	74
30	2723	80	80
31	940	90	87
32	57	26	25
32	114	52	51
32	176	33	32
32	185	52	51
32	237	32	27
32	284	52	51
32	309	51	45
32	310	48	45
32	311	51	45
32	314	48	45
32	403	34	26
32	406	39	35
32	411	14	3
32	413	9	1
32	422	20	1
32	428	67	65
32	429	67	66
32	430	67	65
32	431	64	63
32	432	64	63
32	433	62	62
32	434	62	62
32	435	40	35
32	436	44	41
32	444	34	21
32	445	20	17
32	446	40	35
32	447	44	41
32	448	34	21
32	449	20	17
32	450	40	35
32	451	44	41
32	452	34	21
32	453	20	17
32	501	61	60
32	502	61	59
32	503	61	59
32	504	59	59
32	581	8	3
32	589	31	8
32	600	42	35
32	625	45	0
32	629	49	0
32	676	44	20
32	704	31	29
32	710	66	39
32	748	69	50
32	769	74	74
32	770	73	73
32	784	40	26
32	786	58	41
32	787	55	48
32	793	38	22
32	794	40	35
32	796	58	41
32	797	55	48
32	799	34	22
32	800	40	35
32	801	58	41
32	802	55	48
32	803	34	22
32	804	37	34
32	805	37	34
32	806	36	33
32	807	59	54
32	808	58	58
32	810	28	5
32	812	55	0
32	813	31	22
32	820	83	67
32	847	74	74
32	848	73	73
32	857	38	26
32	872	17	1
32	877	27	22
32	1232	28	0
32	1256	12	2
32	1270	3	1
32	1292	22	11
32	1337	6	0
32	1435	60	26
32	1513	47	41
32	1515	41	41
32	1518	47	42
32	1519	41	41
32	1527	37	7
32	1550	55	55
32	1554	45	41
32	1557	66	61
32	1567	31	27
32	1569	35	32
32	1748	94	94
32	1749	100	100
32	2126	50	23
32	2154	20	10
32	2159	8	3
32	2164	37	25
32	2192	53	47
32	2194	54	47
32	2212	54	43
32	2214	54	41
32	2223	54	43
32	2225	58	56
32	2226	55	41
32	2227	57	56
32	2229	57	56
32	2233	47	47
32	2235	58	58
32	2236	57	56
32	2238	57	56
32	2239	56	56
32	2280	55	54
32	2283	55	54
32	2299	55	42
32	2304	32	29
32	2305	65	56
32	2355	43	41
32	2358	41	41
32	2362	28	26
32	2365	21	5
32	2366	20	12
32	2367	21	5
32	2368	19	12
32	2369	21	5
32	2370	19	12
32	2371	20	7
32	2372	7	5
32	2373	32	22
32	2374	7	5
32	2377	41	14
32	2378	33	31
32	2382	37	35
32	2395	44	41
32	2396	44	41
32	2397	42	41
32	2411	61	56
32	2412	31	28
32	2413	40	38
32	2497	55	54
32	2602	79	79
32	2603	83	83
32	2648	28	21
32	2649	61	56
32	2696	76	75
32	2715	26	20
32	2719	12	6
32	2720	12	6
32	2725	36	34
32	2746	24	19
32	2750	20	9
32	2756	58	57
32	2788	12	10
32	2820	59	59
32	2858	82	44
32	2904	7	7
32	2905	75	75
32	2906	75	75
32	2907	75	75
32	2908	75	75
32	2914	11	9
32	2919	87	87
32	2923	23	0
32	2932	40	26
32	2934	58	41
32	2935	55	48
32	2937	38	22
32	2941	40	35
32	2942	58	41
32	2943	55	48
32	2948	34	22
32	2949	40	35
32	2950	58	41
32	2951	55	48
32	2952	34	22
32	2969	66	63
32	2970	74	68
32	2971	74	65
32	2972	74	68
32	2973	74	68
32	2974	69	68
32	2985	48	47
32	2986	57	49
33	1997	96	95
33	2005	94	92
33	2012	91	91
33	2018	91	89
33	2028	89	87
33	2042	86	83
34	67	59	57
34	218	59	57
34	1429	55	52
35	2054	87	78
35	2056	80	79
35	2102	83	78
36	1789	86	86
36	1826	87	87
36	1873	86	86
36	1876	84	84
36	1877	84	84
36	1878	85	84
36	1880	85	85
36	1881	84	84
36	1883	83	83
36	1891	87	87
36	1894	86	86
36	1909	86	86
36	1917	87	87
36	2001	94	89
36	2010	94	92
36	2069	87	87
36	2070	86	86
37	874	119	108
38	57	24	22
38	1559	27	26
38	2308	27	23
38	2759	26	19
38	2806	25	17
38	2925	22	18
38	2926	27	23
39	468	57	57
39	644	57	57
39	712	57	56
39	2251	57	57
39	2381	57	55
39	2410	57	57
39	2921	57	55
40	1166	99	94
40	1581	84	84
40	1609	86	85
40	1633	85	84
40	1726	93	93
40	1727	93	93
40	1781	92	90
40	1786	89	89
40	1845	91	90
40	1850	92	90
40	1853	90	89
40	1859	88	87
40	1917	86	86
40	1918	85	85
40	1933	87	87
40	1935	90	90
40	1937	89	89
40	1938	88	87
40	1945	88	88
40	1946	87	87
40	1968	84	84
40	1987	86	85
40	1990	86	85
40	2018	97	96
40	2028	97	97
40	2047	96	96
40	2670	95	94
41	1821	88	88
41	1822	87	87
41	1823	86	86
41	1824	85	85
42	1453	22	22
42	2279	50	26
43	1603	88	87
44	312	51	45
44	314	48	45
44	436	44	43
44	447	44	43
44	451	44	43
44	785	49	48
44	786	49	43
44	789	49	43
44	795	49	48
44	796	49	43
44	798	49	43
44	1002	56	50
44	1003	56	50
44	1006	67	66
44	1017	65	65
44	1023	64	63
44	1026	62	62
44	1064	61	61
44	1065	61	61
44	1066	61	61
44	1076	60	60
44	1077	60	60
44	1078	60	60
44	1079	59	59
44	1080	59	59
44	1081	59	59
44	1086	79	79
44	1087	78	78
44	1088	78	78
44	1089	78	78
44	1090	78	78
44	1093	77	77
44	1094	77	77
44	1095	77	77
44	1096	77	77
44	1097	76	76
44	1098	76	76
44	1099	76	76
44	1112	75	75
44	1113	75	75
44	1114	75	75
44	1118	74	74
44	1119	74	74
44	1120	74	74
44	1121	58	58
44	1122	58	58
44	1123	58	58
44	1124	58	58
44	1125	73	68
44	1126	73	68
44	1129	73	68
44	1131	57	57
44	1132	57	57
44	1135	57	57
44	1136	57	57
44	1152	67	66
44	1153	67	66
44	1156	65	65
44	1157	65	65
44	1158	64	63
44	1159	64	63
44	1160	64	63
44	1169	62	62
44	1170	62	62
44	1172	62	62
44	1183	56	50
44	1184	56	50
44	2193	49	46
44	2213	56	44
44	2224	56	44
44	2933	49	48
44	2934	49	43
44	2936	46	43
44	2942	49	43
45	1377	3	3
46	1340	89	89
46	1342	88	88
46	1873	89	89
46	1951	89	89
46	2008	88	88
46	2028	92	91
46	2031	90	90
46	2032	88	88
46	2048	90	90
47	2	83	68
47	1	83	68
47	102	83	68
47	104	52	52
47	361	29	18
47	398	69	47
47	407	21	18
47	455	35	26
47	458	35	26
47	459	32	28
47	492	49	19
47	493	31	25
47	505	2	0
47	564	35	29
47	571	35	29
47	572	35	29
47	576	35	29
47	577	35	26
47	586	53	50
47	622	29	25
47	623	29	18
47	624	28	18
47	659	62	56
47	660	53	17
47	705	64	51
47	707	20	15
47	715	52	45
47	720	20	20
47	727	65	41
47	728	65	24
47	729	43	3
47	730	63	55
47	732	65	61
47	737	23	4
47	748	66	43
47	750	58	55
47	751	51	38
47	773	63	59
47	817	58	57
47	820	76	64
47	878	47	32
47	879	40	32
47	880	12	1
47	881	12	10
47	882	40	7
47	883	40	13
47	884	47	41
47	885	12	1
47	886	40	13
47	887	40	24
47	888	11	10
47	889	47	41
47	890	12	12
47	891	12	10
47	892	40	7
47	893	38	13
47	894	11	1
47	895	15	13
47	896	15	13
47	897	12	1
47	898	12	12
47	900	13	13
47	901	12	12
47	931	54	9
47	932	19	16
47	933	5	1
47	934	5	1
47	935	11	1
47	936	8	1
47	944	40	39
47	956	14	0
47	957	59	12
47	961	15	10
47	965	33	27
47	966	18	0
47	967	24	0
47	968	14	5
47	999	67	56
47	1000	27	18
47	976	40	32
47	977	62	41
47	978	19	14
47	980	40	0
47	981	11	11
47	982	40	0
47	983	62	41
47	984	16	0
47	986	40	0
47	987	62	41
47	988	16	0
47	993	18	0
47	994	18	0
47	996	40	38
47	997	5	0
47	998	16	0
47	1001	67	63
47	1007	67	63
47	1018	67	63
47	1024	67	63
47	1027	27	1
47	1028	27	18
47	1029	35	21
47	1030	15	2
47	1031	35	17
47	1032	32	28
47	1033	15	2
47	1034	35	16
47	1035	32	28
47	1039	60	45
47	1040	37	32
47	1041	55	45
47	1042	54	50
47	1091	27	22
47	1101	37	0
47	1102	13	1
47	1111	10	8
47	1148	6	0
47	1161	15	1
47	1162	5	4
47	1163	66	66
47	1164	52	52
47	1174	11	8
47	1175	10	8
47	1177	35	25
47	1182	9	0
47	1212	56	48
47	1213	53	41
47	1229	43	39
47	1230	40	33
47	1235	20	11
47	1251	10	9
47	1252	51	46
47	1276	12	8
47	1376	14	7
47	1431	35	30
47	1440	9	5
47	1469	35	30
47	1471	35	30
47	1472	34	18
47	1473	35	30
47	1474	34	18
47	1476	14	1
47	1483	50	29
47	1484	28	24
47	1485	38	36
47	1497	44	42
47	1498	41	41
47	1528	63	59
47	1552	46	38
47	1577	74	74
47	1589	74	74
47	1677	83	83
47	1697	73	73
47	1716	73	73
47	1789	82	81
47	1790	81	81
47	1808	82	82
47	1811	80	80
47	1821	80	80
47	1897	79	79
47	1899	79	79
47	1914	78	78
47	1921	78	78
47	1953	77	77
47	1954	77	77
47	1965	77	77
47	1997	114	84
47	2002	87	84
47	2004	111	111
47	2005	111	83
47	2011	83	81
47	2012	111	110
47	2033	110	109
47	2057	109	107
47	2075	109	107
47	2093	108	107
47	2096	108	107
47	2106	107	88
47	2108	106	88
47	2128	14	8
47	2146	51	0
47	2147	41	37
47	2150	20	15
47	2183	58	42
47	2184	63	18
47	2185	40	39
47	2186	40	38
47	2258	59	59
47	2281	75	75
47	2282	44	35
47	2301	2	0
47	2302	2	0
47	2307	69	54
47	2320	26	18
47	2379	65	41
47	2380	58	36
47	2381	32	1
47	2471	20	14
47	2496	87	68
47	2680	61	56
47	2709	0	0
47	2718	52	51
47	2721	59	55
47	2727	76	75
47	2739	55	55
47	2743	53	50
47	2764	63	51
47	2770	74	67
47	2808	67	53
47	2809	29	0
47	2810	7	6
47	2815	31	21
47	2822	60	10
47	2826	47	39
47	2843	8	1
47	2848	5	0
47	2844	0	0
47	2845	0	0
47	2846	0	0
47	2847	0	0
47	2918	64	51
47	2984	20	12
47	3002	63	52
47	3003	60	51
48	367	87	81
48	1166	112	112
48	1578	92	92
48	1579	91	91
48	1580	90	90
48	1589	89	89
48	1590	88	88
48	1633	86	86
48	1634	86	86
48	1636	86	86
48	1647	85	85
48	1648	85	85
48	1996	95	93
48	2018	108	102
48	2042	108	102
48	2047	108	102
48	2057	105	105
48	2058	103	103
48	2067	104	102
48	2101	101	99
48	2162	82	81
48	2502	84	84
48	2503	84	84
48	2575	98	96
48	2861	82	81
48	2873	111	110
48	2874	111	110
48	2875	111	110
48	2876	111	109
48	2877	111	109
48	2878	111	111
48	2879	109	109
48	2880	109	109
49	1173	69	64
49	1531	69	64
50	706	59	58
50	1044	66	64
50	1168	66	64
50	1441	61	59
50	1442	67	62
50	1566	66	63
50	2493	61	60
50	2807	63	61
51	14	3	3
51	20	3	3
51	402	16	4
51	500	11	3
51	595	7	3
51	613	19	4
51	655	14	6
51	657	14	6
51	677	15	4
51	701	14	8
51	709	13	3
51	1082	16	11
51	1083	16	8
51	1127	21	12
51	1128	19	12
51	1130	20	10
51	1133	24	11
51	1134	24	10
51	1137	24	10
51	1176	19	9
51	1511	12	2
51	1512	6	2
51	1555	23	21
51	1556	23	21
51	2143	18	6
51	2144	17	4
51	2145	16	4
51	2719	13	1
51	2720	13	1
51	2991	13	10
52	460	105	105
52	1997	104	103
53	1166	93	93
53	1459	90	89
53	1609	86	86
53	1628	86	86
53	1633	86	86
53	1635	85	84
53	1638	85	85
53	1649	84	84
53	1651	85	84
53	1658	84	84
53	1819	92	90
53	1872	88	88
53	1931	87	87
53	1935	88	88
53	1939	87	87
53	1945	88	87
53	1948	87	87
53	2042	95	94
53	2670	90	89
54	1563	26	18
54	2319	26	18
54	2711	26	26
54	2748	25	22
54	2838	26	18
55	3	64	56
55	4	68	60
55	5	62	61
55	6	49	49
55	7	55	50
55	13	63	62
55	35	64	56
55	36	68	60
55	37	62	61
55	38	49	49
55	39	55	50
55	69	64	56
55	70	64	60
55	71	62	61
55	72	49	49
55	73	55	50
55	74	63	62
55	83	64	60
55	104	64	56
55	105	62	61
55	106	55	49
55	124	64	61
55	125	64	61
55	126	60	56
55	127	55	49
55	135	64	56
55	338	76	75
55	339	76	75
55	340	76	75
55	341	75	75
55	342	8	0
55	453	51	50
55	456	35	24
55	457	22	13
55	523	40	37
55	526	40	37
55	524	48	41
55	525	47	41
55	527	36	16
55	528	36	16
55	535	40	37
55	538	40	37
55	536	48	41
55	537	47	41
55	539	36	15
55	540	36	16
55	548	40	37
55	549	48	41
55	550	36	15
55	551	24	13
55	556	12	6
55	558	35	25
55	559	25	24
55	561	12	6
55	565	35	25
55	566	25	19
55	568	18	6
55	572	35	25
55	573	25	19
55	575	18	6
55	579	37	28
55	585	11	0
55	601	74	68
55	602	70	68
55	603	70	68
55	604	74	68
55	605	74	68
55	606	74	68
55	607	74	73
55	608	74	68
55	609	74	68
55	919	74	68
55	920	70	68
55	921	70	68
55	922	74	68
55	923	70	68
55	924	68	68
55	925	68	68
55	926	68	68
55	927	68	68
55	928	68	68
55	929	68	68
55	930	69	69
55	937	68	66
55	938	67	66
55	939	69	69
55	948	13	6
55	949	13	9
55	950	11	10
55	1019	62	56
55	1020	64	61
55	1021	64	61
55	1022	64	56
55	1056	68	63
55	1057	63	63
55	1058	68	65
55	1059	68	65
55	1060	68	63
55	1061	68	65
55	1067	68	65
55	1068	68	65
55	1069	68	65
55	1070	68	65
55	1071	68	65
55	1072	68	65
55	1073	68	68
55	1074	68	65
55	1075	68	65
55	1084	68	65
55	1085	68	65
55	1092	68	65
55	1154	60	56
55	1155	60	56
55	1171	66	65
55	1189	52	49
55	1190	40	37
55	1191	48	41
55	1192	51	20
55	1198	40	37
55	1199	48	41
55	1200	36	20
55	1205	40	37
55	1206	48	41
55	1207	36	19
55	1271	51	49
55	1272	50	49
55	1273	50	49
55	1274	49	49
55	1336	45	10
55	1346	49	49
55	1347	49	49
55	1349	40	37
55	1352	40	37
55	1350	49	41
55	1351	48	41
55	1354	36	16
55	1355	36	16
55	1362	40	37
55	1365	40	37
55	1363	48	41
55	1364	47	41
55	1366	36	15
55	1367	36	16
55	1371	38	37
55	1372	48	41
55	1373	36	15
55	1427	50	48
55	1448	49	48
55	1513	61	56
55	1514	60	59
55	1516	64	61
55	1517	64	61
55	2195	49	49
55	2201	40	37
55	2202	48	41
55	2205	64	61
55	2206	36	35
55	2207	65	64
55	2215	40	37
55	2216	48	41
55	2217	36	26
55	2218	64	64
55	2219	64	64
55	2230	40	37
55	2231	48	41
55	2232	36	16
55	2240	36	25
55	2242	23	19
55	2265	54	49
55	2266	49	49
55	2268	52	50
55	2271	49	49
55	2273	52	50
55	2274	49	49
55	2278	49	49
55	2287	62	56
55	2288	63	61
55	2289	63	61
55	2290	60	56
55	2291	63	56
55	2292	63	61
55	2293	60	56
55	2294	60	56
55	2295	61	61
55	2296	59	56
55	2297	63	57
55	2298	63	57
55	2331	55	55
55	2346	28	28
55	2347	28	24
55	2351	28	26
55	2352	28	24
55	2357	28	24
55	2441	33	25
55	2442	32	24
55	2465	60	56
55	2466	64	61
55	2467	64	56
55	2472	30	10
55	2478	19	1
55	2479	19	0
55	2480	19	0
55	2481	6	0
55	2649	8	1
55	2650	16	0
55	2651	14	8
55	2652	16	11
55	2653	14	0
55	2654	14	8
55	2655	8	0
55	2656	14	14
55	2692	24	11
55	2718	45	38
55	2756	55	48
55	2789	24	24
55	2791	79	79
55	2792	77	77
55	2793	78	77
55	2794	78	77
55	2795	77	77
55	2796	77	77
55	2797	80	78
55	2803	18	6
55	2804	18	6
55	2816	5	0
55	2838	26	24
55	2849	42	41
55	2858	70	55
55	2881	23	22
55	2892	28	28
55	2893	28	24
55	2896	28	28
55	2897	28	24
55	2899	55	52
55	2900	28	24
55	2953	20	7
55	2956	17	5
55	2958	15	6
55	2960	11	6
55	2997	23	0
55	2998	0	0
55	2999	15	1
55	3000	15	2
56	1221	51	48
56	1296	51	48
57	598	78	78
57	599	79	79
57	739	78	78
57	740	79	79
57	748	85	84
57	749	82	82
57	753	81	81
57	754	84	83
57	760	74	74
57	762	75	75
57	763	75	75
57	764	80	80
57	765	77	77
57	772	76	76
57	829	75	75
57	830	76	76
57	1225	83	82
57	1591	79	79
57	1828	83	83
57	1829	82	82
57	1883	84	84
57	1888	82	81
57	1891	82	81
57	1897	81	80
57	1899	81	80
57	1900	81	81
57	1910	80	80
57	1914	80	80
57	1917	80	80
57	1992	77	76
57	2324	84	83
57	2499	78	78
57	2500	78	78
57	2696	85	83
57	2698	84	83
57	2699	84	83
57	2703	77	76
57	2727	85	83
57	2732	77	77
58	1876	87	87
58	1877	86	85
58	1878	87	87
58	1879	86	85
58	1881	87	87
58	1883	86	85
58	1885	87	87
58	1956	86	85
58	1958	87	87
58	1961	86	85
59	56	51	49
59	1246	49	49
60	1804	95	95
60	1808	95	95
60	1809	94	94
60	1811	94	93
60	1826	93	92
60	1828	92	92
60	1873	92	90
60	1917	93	93
60	1920	92	92
61	2620	95	94
61	2621	93	93
61	2622	92	91
61	2646	92	91
62	712	63	61
62	820	64	64
62	2727	64	64
62	2902	63	63
63	783	90	88
64	470	74	74
64	471	75	75
64	472	76	76
64	626	81	81
64	688	74	74
64	689	74	74
64	690	73	73
64	691	69	63
64	692	74	74
64	693	74	74
64	694	73	73
64	695	73	73
64	696	73	69
64	721	75	75
64	722	75	75
64	723	77	77
64	724	76	76
64	725	76	76
64	757	80	79
64	758	78	78
64	759	78	78
64	766	77	77
64	767	77	77
64	768	76	76
64	771	80	78
64	824	80	80
64	825	80	79
64	826	80	79
64	827	78	78
64	828	78	78
64	837	81	74
64	838	76	76
64	839	73	73
64	842	75	75
64	843	75	75
64	844	77	77
64	845	77	77
64	1266	64	58
64	1267	59	59
64	1297	61	61
64	1331	62	61
64	1333	61	61
64	1529	81	81
64	1698	106	105
64	1761	104	103
64	1771	102	102
64	1789	101	100
64	1825	102	99
64	2061	86	86
64	2081	88	87
64	2093	86	86
64	2096	88	87
64	2106	85	85
64	2109	85	85
64	2246	65	63
64	2247	82	82
64	2248	76	76
64	2249	82	82
64	2250	82	82
64	2281	69	68
64	2376	60	59
64	2520	75	75
64	2578	76	76
64	2629	83	83
64	2638	84	83
64	2639	84	83
64	2696	81	81
64	2700	80	80
64	2702	80	80
64	2769	64	64
64	2773	62	61
64	2774	69	64
64	2775	74	74
64	2776	73	73
64	2777	75	75
64	2780	99	89
64	2782	62	61
64	2817	82	77
64	2853	74	74
64	2854	73	73
64	2855	75	75
64	2886	74	74
64	2887	77	77
64	2966	63	59
65	1255	13	9
65	1257	12	6
65	1258	9	5
65	1259	6	5
66	614	84	84
66	615	87	87
66	617	87	87
66	618	87	87
66	619	84	84
66	1698	106	102
66	1699	102	102
66	1759	103	100
66	1998	89	89
66	2012	85	84
66	2028	76	76
66	2029	90	90
66	2030	89	89
66	2047	85	76
66	2057	100	100
66	2075	99	98
66	2093	76	76
66	2094	90	90
66	2095	90	90
66	2096	85	85
66	2109	85	84
66	2517	81	81
66	2518	81	81
66	2519	81	81
66	2525	80	80
66	2526	80	80
66	2528	80	80
66	2529	80	80
66	2530	80	80
66	2539	79	79
66	2540	79	79
66	2542	79	79
66	2543	79	79
66	2567	77	77
66	2568	77	77
66	2569	77	77
66	2588	88	86
66	2590	83	83
66	2592	83	83
66	2604	88	88
66	2607	83	83
66	2608	82	82
66	2609	81	81
66	2614	83	83
66	2616	83	83
66	2617	82	82
66	2618	81	81
66	2624	82	82
66	2625	81	81
66	2626	82	82
66	2627	81	81
66	2630	83	83
66	2631	86	86
66	2633	97	91
66	2635	83	83
66	2641	83	83
66	2679	75	74
67	3	41	41
67	8	49	49
67	9	48	46
67	10	47	46
67	11	46	45
67	12	44	42
67	15	49	49
67	16	48	46
67	17	47	46
67	18	46	45
67	19	44	42
67	22	49	49
67	23	48	46
67	24	47	46
67	25	46	45
67	26	44	42
67	28	49	49
67	29	48	46
67	30	47	46
67	31	46	45
67	32	44	42
67	33	42	42
67	34	28	23
67	35	41	40
67	40	49	49
67	41	48	46
67	42	47	46
67	43	46	44
67	44	19	17
67	45	29	3
67	46	25	18
67	47	35	26
67	48	36	30
67	49	36	26
67	50	36	31
67	51	36	26
67	52	36	33
67	53	36	33
67	54	36	26
67	55	36	26
67	56	41	40
67	59	36	26
67	64	36	26
67	65	32	26
67	66	32	26
67	75	36	13
67	76	36	12
67	77	36	26
67	79	26	13
67	80	36	12
67	81	28	26
67	106	19	13
67	107	18	16
67	108	15	13
67	109	13	10
67	112	13	4
67	115	10	4
67	118	19	13
67	134	23	14
67	140	25	21
67	141	28	11
67	142	24	19
67	176	24	24
67	178	9	3
67	179	9	7
67	180	13	7
67	181	12	8
67	182	13	3
67	183	13	3
67	186	13	3
67	187	13	3
67	196	25	20
67	197	25	21
67	198	25	25
67	199	25	10
67	200	25	13
67	201	20	13
67	204	25	12
67	206	25	12
67	218	24	24
67	219	25	16
67	222	15	4
67	223	15	4
67	224	15	3
67	251	25	20
67	252	13	9
67	253	13	8
67	254	13	8
67	255	13	8
67	256	12	8
67	258	10	8
67	272	25	13
67	274	25	18
67	277	27	21
67	278	13	8
67	279	7	4
67	280	12	8
67	281	7	4
67	288	49	48
67	289	48	46
67	290	47	46
67	291	17	16
67	292	15	12
67	293	20	16
67	294	15	4
67	295	27	17
67	296	30	28
67	297	25	16
67	298	15	4
67	299	26	19
67	300	26	19
67	302	19	16
67	303	16	16
67	304	15	12
67	305	14	12
67	311	58	57
67	313	58	57
67	316	58	57
67	317	58	57
67	319	58	57
67	320	58	57
67	321	58	57
67	322	58	57
67	333	102	102
67	334	58	50
67	335	50	50
67	336	55	50
67	337	50	50
67	382	58	50
67	383	58	50
67	384	58	55
67	385	55	51
67	386	58	53
67	426	102	102
67	435	56	55
67	437	56	55
67	438	56	55
67	439	56	55
67	440	56	55
67	441	56	55
67	442	56	55
67	443	56	55
67	511	54	53
67	512	52	51
67	513	54	53
67	514	54	53
67	515	52	51
67	516	54	53
67	517	54	53
67	518	52	51
67	519	54	53
67	520	54	53
67	521	52	51
67	522	54	53
67	578	51	51
67	592	35	29
67	620	10	6
67	621	10	6
67	661	53	50
67	662	53	50
67	663	53	50
67	664	59	58
67	665	45	44
67	666	45	44
67	667	44	44
67	668	50	47
67	669	34	27
67	672	30	27
67	673	34	27
67	781	10	7
67	788	50	50
67	790	50	50
67	791	50	50
67	792	50	50
67	800	50	50
67	809	50	50
67	863	43	43
67	873	2	2
67	1004	36	34
67	1005	36	26
67	1008	36	26
67	1009	32	26
67	1010	32	26
67	1011	36	26
67	1012	36	26
67	1013	36	26
67	1014	35	26
67	1015	36	26
67	1016	28	26
67	1037	30	28
67	1193	31	31
67	1194	28	28
67	1197	31	31
67	1220	19	13
67	1414	65	63
67	1415	65	63
67	1416	65	63
67	1417	65	63
67	1418	65	63
67	1419	65	63
67	1420	65	63
67	1421	65	63
67	1422	64	63
67	1423	65	63
67	1439	64	63
67	1463	65	63
67	1464	65	63
67	1465	65	63
67	1466	65	63
67	1467	63	63
67	1468	65	63
67	1475	2	2
67	1478	5	4
67	1500	54	48
67	1501	50	43
67	1502	50	43
67	1503	50	46
67	1504	28	25
67	1509	28	25
67	1521	50	48
67	1522	50	44
67	1523	46	46
67	1524	46	43
67	1525	102	102
67	1526	48	44
67	1564	41	41
67	1997	108	108
67	2137	40	40
67	2138	43	41
67	2148	102	102
67	2149	8	6
67	2325	6	4
67	2334	62	60
67	2335	62	60
67	2336	62	60
67	2337	62	60
67	2338	62	60
67	2339	62	60
67	2340	62	60
67	2341	62	60
67	2342	62	60
67	2343	62	60
67	2344	62	60
67	2359	62	60
67	2360	62	60
67	2361	62	60
67	2392	62	60
67	2393	62	60
67	2394	62	60
67	2418	10	7
67	2433	59	58
67	2434	59	58
67	2435	59	58
67	2436	59	58
67	2437	59	58
67	2438	59	58
67	2439	59	58
67	2440	62	58
67	2443	35	33
67	2444	31	26
67	2445	27	26
67	2446	35	30
67	2447	35	31
67	2448	31	26
67	2449	34	26
67	2450	35	33
67	2451	35	30
67	2452	34	26
67	2453	28	26
67	2454	34	26
67	2455	35	33
67	2456	35	33
67	2457	34	25
67	2458	34	26
67	2459	35	34
67	2460	31	26
67	2461	28	28
67	2462	31	27
67	2463	35	33
67	2464	34	26
67	2469	59	58
67	2470	59	58
67	2490	54	44
67	2491	44	35
67	2684	59	58
67	2685	59	58
67	2686	59	58
67	2687	59	58
67	2818	5	2
67	2851	40	40
67	2987	7	4
67	2988	7	3
68	202	59	59
68	228	59	51
68	229	53	50
68	630	41	0
68	648	56	49
68	649	56	32
68	650	49	47
68	651	56	40
68	652	49	47
68	653	39	29
68	678	29	23
68	680	9	5
68	686	49	42
68	698	8	0
68	858	54	46
68	860	56	49
68	861	50	32
68	862	50	47
68	979	58	49
68	1024	58	55
68	1025	58	53
68	1038	57	55
68	1060	58	49
68	1062	58	49
68	1063	52	49
68	1115	51	51
68	1116	54	51
68	1222	53	46
68	1233	22	0
68	1239	31	22
68	1298	52	42
68	1299	52	50
68	1300	52	50
68	1301	52	50
68	1302	52	50
68	1303	52	42
68	1304	50	42
68	1305	50	45
68	1306	50	47
68	1307	52	50
68	1308	52	50
68	1309	52	50
68	1310	52	50
68	1311	50	45
68	1312	50	45
68	1313	50	45
68	1314	50	44
68	1315	45	42
68	1316	45	42
68	1318	45	42
68	1319	45	42
68	1320	41	27
68	1321	41	27
68	1330	49	42
68	1449	13	2
68	1506	55	43
68	2262	8	0
68	2492	34	30
68	2824	18	9
68	2827	53	50
68	2858	59	49
68	2882	54	48
68	2883	54	46
68	2885	54	53
68	2888	59	51
68	2965	52	25
68	2981	76	57
68	2989	28	0
69	631	100	99
69	1166	101	99
69	1810	98	98
69	1898	98	98
69	2670	101	101
70	2155	89	88
70	2670	93	90
71	362	87	87
71	1166	98	97
71	1242	89	88
71	1460	90	88
71	1908	86	86
71	1951	84	84
71	1972	85	85
71	1973	86	86
71	1974	85	85
71	1975	84	84
71	2033	95	93
71	2047	92	91
71	2057	90	90
71	2061	91	90
71	2067	95	94
71	2074	93	91
71	2093	87	87
71	2670	96	96
72	594	62	62
72	748	69	67
72	811	61	61
72	820	66	62
72	867	62	62
72	1531	63	60
72	2696	69	61
72	2852	66	65
72	2902	66	65
72	2924	66	63
73	27	27	26
73	60	26	26
73	1348	28	22
73	1353	25	21
73	1360	22	22
73	1361	27	21
73	1370	22	10
73	2798	7	7
73	2799	7	7
73	2800	20	12
73	2801	11	8
73	2802	7	7
74	1826	87	87
74	1909	87	87
74	2532	86	85
74	2562	86	85
74	2563	87	87
74	2564	86	85
74	2565	87	87
75	220	61	60
76	1139	85	85
76	1140	85	85
76	1145	85	85
76	1146	85	85
76	2509	88	87
76	2510	86	86
76	2511	85	85
76	2512	84	84
76	2513	83	83
76	2514	82	82
76	2515	81	81
76	2524	80	75
76	2708	75	75
77	699	91	90
77	1568	91	90
77	1735	92	92
77	1845	89	88
78	241	69	69
78	257	68	68
78	282	67	67
78	306	66	66
78	425	12	10
78	482	13	12
78	496	76	76
78	586	63	56
78	706	75	13
78	719	66	61
78	748	74	60
78	1457	65	64
78	1458	55	55
78	1479	15	9
78	1535	59	58
78	1536	47	44
78	1537	43	39
78	1538	9	1
78	1539	38	36
78	1540	35	32
78	1541	31	23
78	1542	22	17
78	1570	0	0
78	1571	6	1
78	1572	5	1
78	1573	8	0
78	1574	8	0
78	2057	84	77
78	2059	83	81
78	2060	83	81
78	2061	95	85
78	2153	17	0
78	2308	59	55
78	2623	76	75
78	2835	34	4
78	2915	38	35
78	3002	79	9
79	1214	114	112
79	1215	111	111
79	1216	111	111
79	1341	90	88
79	1748	106	102
79	1775	102	97
79	1789	106	105
79	1811	104	86
79	1930	87	87
79	1935	88	87
79	1969	86	86
79	1975	89	86
79	2018	110	110
79	2028	110	107
79	2033	110	110
79	2047	110	108
79	2053	107	107
79	2696	109	108
79	2747	114	111
80	742	29	14
80	743	29	15
80	744	29	14
80	745	29	18
80	2139	35	14
80	2140	34	14
80	2141	34	14
80	2142	34	19
81	713	62	59
81	2284	62	59
82	473	85	84
82	902	88	88
82	1461	88	88
82	1759	106	101
82	1764	99	91
82	1798	101	99
82	1811	102	100
82	1909	84	84
82	1929	85	84
82	1934	85	84
82	1969	84	84
82	2025	90	89
82	2409	86	84
82	2501	83	83
82	2505	84	82
82	2549	87	86
82	2552	83	83
82	2557	87	87
82	2561	87	86
83	2508	85	85
84	1725	102	102
84	1743	101	91
84	1744	90	90
84	1748	102	102
84	1767	101	101
84	1789	102	102
84	1821	101	101
84	2670	102	102
85	487	40	35
85	491	50	49
85	495	48	48
85	582	51	48
85	586	49	21
85	674	58	24
85	679	55	38
85	697	58	47
85	720	48	13
85	726	56	52
85	748	63	59
85	782	54	44
85	1235	40	4
85	1470	33	32
85	1496	34	28
85	1499	67	65
85	1533	52	11
85	1534	10	4
85	1544	48	29
85	1558	59	57
85	1560	69	63
85	1562	54	52
85	1565	9	4
85	2127	40	35
85	2130	60	47
85	2132	47	8
85	2133	65	8
85	2136	18	5
85	2150	20	15
85	2257	57	47
85	2427	49	48
85	2471	29	6
85	2506	74	74
85	2507	73	73
85	2587	76	76
85	2632	75	75
85	2825	31	21
85	2837	28	16
85	2860	58	58
85	2921	53	13
85	2930	58	48
85	3002	37	32
86	2488	27	26
86	2993	30	26
87	2504	59	53
87	2588	61	61
87	2589	60	58
88	1477	89	89
88	1837	93	90
88	1838	94	94
88	1844	95	93
88	1845	91	90
88	1849	92	90
88	1850	88	87
88	1857	95	94
88	1860	87	86
88	1861	93	93
88	1935	87	86
88	1997	89	89
88	2588	90	88
89	177	79	79
89	237	69	67
89	238	66	66
89	239	66	66
89	350	90	80
89	387	82	67
89	388	74	73
89	389	66	58
89	390	59	59
89	391	66	58
89	392	66	66
89	474	81	81
89	755	67	67
89	820	77	77
89	1433	81	75
89	1452	90	89
89	2151	64	61
89	2376	65	58
89	2516	94	92
89	2521	85	85
89	2522	85	85
89	2523	85	85
89	2547	84	84
89	2550	97	93
89	2551	92	91
89	2571	84	84
89	2573	84	84
89	2574	84	84
89	2581	83	83
89	2582	83	83
89	2584	83	83
89	2586	83	83
89	2696	90	82
89	2727	88	82
89	2742	65	59
90	1243	89	88
90	1245	102	102
90	1588	85	85
90	1698	106	106
90	1722	87	86
90	1742	105	104
90	1743	105	104
90	1748	103	103
90	1755	84	84
90	1759	99	99
90	1761	105	104
90	1764	98	98
90	1765	97	96
90	1766	95	93
90	1767	102	101
90	1769	101	101
90	1771	100	99
90	1775	100	99
90	1789	106	102
90	1799	102	102
90	1800	101	101
90	1804	103	102
90	1816	100	100
90	1821	100	98
90	1840	92	92
90	1844	101	101
90	1847	91	90
90	1850	101	101
90	1997	108	108
90	2057	105	104
90	2067	105	104
91	189	51	44
91	283	65	16
91	301	65	19
91	346	23	17
91	378	16	11
91	416	20	12
91	417	104	103
91	489	24	11
91	580	30	28
91	656	54	54
91	756	45	23
91	774	54	16
91	775	37	24
91	776	33	19
91	777	35	21
91	778	40	28
91	779	48	18
91	780	39	39
91	815	103	102
91	818	48	47
91	819	50	24
91	822	64	59
91	876	57	49
91	899	68	68
91	985	80	80
91	989	79	79
91	990	78	78
91	991	77	77
91	992	76	76
91	995	68	68
91	1036	54	43
91	1101	62	51
91	1109	33	27
91	1185	76	76
91	1186	68	68
91	1224	58	58
91	1293	17	13
91	1317	68	68
91	1332	53	52
91	1334	51	48
91	1335	51	49
91	1405	80	80
91	1406	79	79
91	1407	78	78
91	1408	77	77
91	1409	76	76
91	1410	68	68
91	1453	105	103
91	1482	19	16
91	1750	92	92
91	1751	91	91
91	1752	90	90
91	1753	89	89
91	1754	88	88
91	1771	98	94
91	1772	96	95
91	1773	95	95
91	1799	101	100
91	1800	99	99
91	1801	94	92
91	1802	99	99
91	1803	98	98
91	1804	98	98
91	1805	97	96
91	1806	96	95
91	1808	94	93
91	1809	94	92
91	1824	102	102
91	1825	101	101
91	1826	100	100
91	1905	111	111
91	1997	108	108
91	2005	110	109
91	2018	106	106
91	2026	106	106
91	2033	108	108
91	2034	87	87
91	2035	86	86
91	2036	85	85
91	2037	84	84
91	2038	83	83
91	2039	82	82
91	2040	81	81
91	2047	108	108
91	2061	109	109
91	2062	83	83
91	2063	82	82
91	2064	81	81
91	2067	107	107
91	2073	107	107
91	2093	114	112
91	2096	109	109
91	2122	107	106
91	2125	107	106
91	2163	42	31
91	2386	18	17
91	2533	75	69
91	2546	74	67
91	2549	74	67
91	2552	75	75
91	2559	74	65
91	2561	74	66
91	2572	66	66
91	2576	75	69
91	2580	74	74
91	2583	74	66
91	2657	25	11
91	2696	105	104
91	2729	64	64
91	2738	61	35
91	2767	64	51
91	2828	49	23
91	2920	86	85
91	2927	51	40
92	2163	48	47
93	56	64	63
93	69	64	63
93	104	64	63
93	593	60	59
93	598	62	61
93	658	62	58
93	757	67	65
93	825	67	65
93	962	59	59
93	1167	60	59
93	1260	57	57
93	1575	102	102
93	1576	103	103
93	1582	82	82
93	1583	82	82
93	1584	82	82
93	1585	82	82
93	1586	82	82
93	1587	82	82
93	1592	81	81
93	1593	81	81
93	1594	81	81
93	1595	81	81
93	1596	81	81
93	1597	81	81
93	1598	81	81
93	1599	81	81
93	1600	81	81
93	1602	78	78
93	1613	78	78
93	1610	80	80
93	1611	79	79
93	1612	78	78
93	1614	80	80
93	1615	80	80
93	1616	80	80
93	1617	80	80
93	1618	80	80
93	1619	80	80
93	1620	80	80
93	1621	80	80
93	1639	79	79
93	1640	79	79
93	1641	79	79
93	1642	79	79
93	1643	79	79
93	1644	79	79
93	1645	79	79
93	1646	79	79
93	1652	78	78
93	1653	78	78
93	1654	78	78
93	1655	78	78
93	1656	78	78
93	1657	78	78
93	1660	77	77
93	1661	77	77
93	1662	77	77
93	1663	77	77
93	1664	77	77
93	1665	77	77
93	1666	77	77
93	1667	77	77
93	1668	77	77
93	1670	76	76
93	1671	76	76
93	1672	76	76
93	1673	76	76
93	1674	76	76
93	1675	76	76
93	1676	76	76
93	1678	75	75
93	1679	75	75
93	1680	75	75
93	1681	75	75
93	1682	75	75
93	1683	75	75
93	1684	75	75
93	1685	75	75
93	1686	74	74
93	1687	74	74
93	1688	74	74
93	1689	74	74
93	1690	74	74
93	1691	74	74
93	1692	74	74
93	1693	74	74
93	1694	74	74
93	1695	101	101
93	1696	102	102
93	1700	73	73
93	1701	73	73
93	1702	73	73
93	1703	73	73
93	1704	73	73
93	1705	73	73
93	1706	73	73
93	1707	73	73
93	1708	73	73
93	1709	73	73
93	1710	73	73
93	1711	73	73
93	1712	73	73
93	1713	73	73
93	1714	73	73
93	1717	69	68
93	1718	69	69
93	1719	69	68
93	1720	69	68
93	1721	69	68
93	1723	69	68
93	1724	69	69
93	1728	67	67
93	1729	67	67
93	1730	67	67
93	1731	67	67
93	1732	67	67
93	1733	67	67
93	1734	67	67
93	1736	66	66
93	1737	66	66
93	1738	66	66
93	1739	66	66
93	1740	66	66
93	1741	66	66
93	1746	100	100
93	1747	101	101
93	1785	101	101
93	1820	100	100
93	1884	86	86
93	1887	86	86
93	1889	86	86
93	1890	86	86
93	1911	85	85
93	1912	85	85
93	1913	85	85
93	1915	85	85
93	1916	85	85
93	1955	84	84
93	1957	84	84
93	1962	84	84
93	1977	83	83
93	1978	83	83
93	1979	83	83
93	1980	83	83
93	1981	83	83
93	1982	83	83
93	1983	83	83
93	1997	116	116
93	2005	115	115
93	2012	114	114
93	2033	113	112
93	2042	113	113
93	2057	112	112
93	2061	111	111
93	2067	111	111
93	2075	110	110
93	2077	106	106
93	2078	105	105
93	2079	104	104
93	2080	103	103
93	2096	109	109
93	2109	108	108
93	2110	107	107
93	2111	106	106
93	2112	106	106
93	2113	105	105
93	2114	105	105
93	2115	104	104
93	2116	104	104
93	2117	103	103
93	2253	61	57
93	2261	64	59
93	2668	91	87
93	2669	94	87
93	2730	67	65
93	2771	66	65
93	2772	67	65
93	2862	99	92
94	1742	89	89
94	1743	100	100
94	1769	100	99
94	1830	89	89
94	1837	97	96
94	1838	95	94
94	1841	98	88
94	1842	99	99
94	1846	98	98
94	1848	97	95
94	1853	88	88
94	1856	94	93
94	1859	92	90
94	1861	88	88
94	1939	88	88
94	2670	100	100
95	374	16	15
95	958	14	8
96	752	85	84
96	1251	57	55
96	1546	85	84
96	1628	86	86
96	1827	95	93
96	1850	87	87
96	1851	86	86
96	1859	90	89
96	1860	89	88
96	1863	89	87
96	1864	86	86
96	1867	88	88
96	1869	87	87
96	1894	92	91
96	1928	90	90
96	1929	89	87
96	2728	85	84
97	56	43	15
97	58	7	2
97	61	8	2
97	62	28	21
97	63	25	21
97	78	27	21
97	82	14	12
97	84	50	35
97	113	2	2
97	114	20	2
97	116	10	5
97	117	4	2
97	122	2	2
98	21	78	77
98	261	78	77
98	821	79	79
98	1241	111	106
98	1622	82	82
98	1623	81	81
98	1624	82	82
98	1625	80	80
98	1626	82	82
98	1627	81	81
98	1628	86	86
98	1630	81	81
98	1631	80	80
98	1632	86	86
98	1742	106	106
98	1761	91	89
98	1769	106	87
98	1770	104	103
98	1775	98	92
98	1774	102	99
98	1789	106	106
98	1798	84	84
98	1799	84	84
98	1800	84	84
98	1811	106	95
98	1812	102	99
98	1813	96	96
98	1815	104	104
98	1822	83	83
98	1824	83	83
98	1825	83	83
98	1873	106	105
98	1894	105	97
98	1895	102	99
98	1896	104	104
98	1951	90	88
98	1952	87	87
98	1959	82	82
98	1960	81	81
98	1963	81	81
98	1964	80	80
98	1997	85	85
98	2005	85	85
98	2012	85	85
98	2135	114	112
98	2473	79	79
98	2658	81	80
99	344	26	20
99	404	39	35
99	405	36	33
99	461	51	41
99	465	62	44
99	466	50	48
99	490	19	15
99	584	64	62
99	590	37	26
99	627	36	33
99	676	39	20
99	699	64	63
99	704	31	29
99	731	64	62
99	733	44	41
99	747	45	41
99	748	57	54
99	820	78	64
99	835	81	81
99	836	80	80
99	875	45	39
99	969	28	26
99	1138	55	52
99	1178	59	37
99	1179	47	41
99	1180	50	41
99	1181	50	41
99	1227	43	26
99	1238	28	15
99	1254	48	44
99	1265	37	25
99	1437	25	21
99	2087	84	83
99	2088	83	83
99	2089	82	82
99	2090	82	82
99	2091	80	80
99	2092	87	87
99	2109	86	85
99	2154	20	14
99	2187	79	79
99	2189	75	75
99	2196	74	74
99	2197	74	74
99	2198	74	74
99	2199	73	73
99	2200	73	73
99	2203	69	67
99	2204	69	67
99	2208	79	79
99	2243	76	76
99	2244	76	76
99	2245	75	75
99	2263	40	35
99	2264	41	41
99	2267	34	32
99	2269	40	35
99	2270	41	41
99	2272	34	32
99	2275	40	35
99	2276	41	41
99	2277	34	32
99	2286	61	57
99	2326	18	14
99	2327	78	78
99	2328	77	77
99	2388	34	26
99	2398	78	77
99	2403	47	40
99	2474	37	32
99	2477	50	41
99	2482	62	51
99	2487	44	32
99	2701	66	65
99	2716	55	54
99	2733	81	81
99	2734	81	81
99	2756	66	54
99	2762	28	21
99	2784	45	45
99	2841	41	34
99	2859	32	30
99	2903	55	39
99	2922	48	48
99	2928	39	35
99	2930	31	15
100	240	33	24
100	343	53	28
100	409	40	38
100	427	14	10
100	463	51	46
100	488	58	10
100	596	65	34
100	640	73	57
100	748	74	74
100	831	78	78
100	832	77	77
100	833	78	78
100	834	77	77
100	840	76	75
100	841	76	75
100	849	79	79
100	962	48	45
100	1100	31	27
100	1105	48	13
100	1108	30	15
100	1201	8	5
100	1202	6	6
100	1208	10	9
100	1209	8	5
100	1210	10	5
100	1211	7	6
100	1231	42	10
100	1234	40	32
100	1236	53	7
100	1237	44	37
100	1240	44	40
100	1253	51	9
100	1322	33	32
100	1323	31	30
100	1438	60	34
100	1444	52	22
100	1551	11	5
100	1756	83	83
100	1791	84	84
100	1792	83	83
100	1830	89	89
100	1831	88	88
100	1832	87	87
100	1833	86	86
100	1834	85	85
100	1874	82	82
100	1875	81	81
100	2129	16	6
100	2167	27	24
100	2255	56	29
100	2260	60	57
100	2280	38	31
100	2330	10	9
100	2472	60	26
100	2537	80	80
100	2554	80	80
100	2660	67	63
100	2688	9	6
100	2704	76	75
100	2737	61	49
100	2749	57	45
100	2751	74	63
100	2760	39	21
100	2761	30	27
100	2763	20	10
100	2765	21	18
100	2768	58	57
100	2790	34	28
100	2814	54	24
100	2829	74	62
100	2830	75	75
100	2831	9	6
100	2842	25	16
100	2911	55	38
100	2917	12	5
100	2926	56	50
100	2967	10	7
100	2968	10	8
101	38	4	1
101	72	4	0
101	127	4	0
101	190	4	1
101	221	4	1
101	506	3	0
101	810	5	3
101	1256	1	1
101	2321	1	1
101	2322	1	1
101	2323	1	1
101	2364	3	1
101	2375	5	1
102	1166	103	102
102	1637	109	109
102	1650	109	109
102	1659	109	109
102	1669	109	109
102	1715	108	108
102	1725	108	108
102	1742	108	108
102	1743	108	108
102	1745	108	108
102	1758	107	107
102	1764	107	107
102	1798	106	106
102	1802	106	106
102	1804	106	106
102	1809	106	106
102	1824	105	105
102	1825	105	105
102	1826	105	105
102	1886	104	104
102	1888	104	104
102	1891	104	104
102	2028	111	110
102	2033	111	111
102	2042	111	110
102	2047	111	110
102	2054	111	111
102	2057	111	111
102	2061	111	111
102	2376	113	112
102	2864	110	109
102	2865	110	109
102	2866	109	109
103	68	104	104
103	103	104	104
103	123	104	104
103	1151	88	79
103	2067	99	97
103	2107	95	89
103	2390	110	105
103	2417	84	81
103	2821	103	96
104	940	90	89
104	1859	88	88
104	1935	88	88
104	1945	88	88
104	2005	92	92
104	2012	91	90
104	2670	93	89
105	1787	92	91
105	1788	93	93
105	1845	89	89
105	1847	92	91
105	1935	88	88
105	1942	90	85
105	2014	97	94
105	2021	97	94
105	2670	99	98
106	1891	83	83
106	1917	83	83
106	2670	82	82
107	2042	91	90
108	940	86	85
109	2468	13	9
110	408	7	6
110	415	8	6
110	1295	12	8
110	1413	14	13
110	1424	14	12
110	1426	14	10
110	1479	15	15
110	1480	15	15
110	1481	15	15
110	1492	15	15
110	1493	15	15
110	1494	14	12
110	1495	14	12
110	2170	8	5
110	2387	10	8
110	2483	24	23
110	2484	22	13
110	2485	22	13
110	2676	8	5
110	2681	24	13
110	2682	24	13
110	2683	24	13
110	2786	22	16
110	2787	22	14
110	2931	13	5
111	2589	95	93
112	671	53	47
112	2498	16	15
113	1166	95	94
114	2923	2	1
115	1166	91	91
115	1778	90	90
115	1870	90	89
115	1871	90	89
115	2024	88	88
115	2041	87	87
115	2046	88	88
115	2047	87	87
115	2051	86	85
115	2054	87	87
115	2055	86	85
115	2068	86	86
115	2076	86	86
115	2103	92	92
115	2104	95	92
115	2670	91	91
116	133	8	5
116	275	28	27
116	276	26	24
116	347	14	8
116	348	14	8
116	349	14	8
116	498	7	5
116	499	7	5
116	1430	16	5
116	2486	16	13
117	2002	105	105
117	2013	102	102
117	2015	102	102
117	2023	100	100
117	2044	90	88
117	2109	108	108
117	2122	107	107
117	2123	106	106
117	2124	106	105
117	2832	104	104
118	85	66	62
118	86	66	62
118	87	66	62
118	88	66	62
118	89	66	62
118	90	66	62
118	91	66	62
118	92	66	62
118	93	57	57
118	94	57	56
118	95	57	56
118	96	57	56
118	97	57	56
118	98	57	56
118	99	57	56
118	100	57	56
118	101	57	56
118	148	57	57
118	149	57	57
118	150	57	57
118	151	57	57
118	154	61	61
118	155	61	61
118	156	61	61
118	157	61	61
118	158	61	61
118	159	61	61
118	160	61	61
118	161	61	61
118	167	58	56
118	168	58	56
118	169	58	56
118	170	58	56
118	171	58	56
118	172	58	56
118	173	58	56
118	174	58	56
118	175	58	56
118	207	56	56
118	208	56	56
118	209	56	56
118	210	56	56
118	211	58	56
118	212	60	52
118	213	55	55
118	214	55	55
118	215	55	53
118	216	55	53
118	217	55	53
118	225	55	55
118	226	55	53
118	227	55	55
118	230	55	53
118	231	54	54
118	232	54	54
118	233	55	53
118	234	55	53
118	235	55	53
118	242	54	54
118	243	55	53
118	244	54	54
118	245	55	53
118	246	53	53
118	247	53	53
118	248	55	53
118	249	55	53
118	250	55	53
118	259	53	53
118	260	55	53
118	262	52	51
118	263	52	51
118	264	52	51
118	265	52	51
118	266	52	51
118	267	52	51
118	268	52	51
118	269	52	51
118	270	52	51
118	285	52	51
118	286	52	52
118	287	52	51
118	421	52	51
118	474	97	89
118	625	51	51
118	627	55	51
118	628	76	57
118	680	88	49
118	681	86	86
118	682	84	84
118	683	83	83
118	684	82	82
118	685	86	86
118	738	53	49
118	813	53	49
118	820	56	56
118	852	88	78
118	853	84	84
118	854	83	83
118	855	84	84
118	856	81	81
118	904	60	59
118	905	60	59
118	906	60	59
118	907	60	59
118	908	60	59
118	909	60	59
118	910	60	59
118	911	60	59
118	912	60	59
118	913	60	59
118	914	60	59
118	915	60	59
118	916	60	59
118	1149	59	59
118	1166	101	98
118	1223	59	57
118	1226	53	51
118	1260	55	51
118	1324	78	78
118	1374	77	77
118	1428	76	76
118	1436	56	51
118	1450	97	96
118	1452	101	91
118	1505	70	70
118	1507	69	67
118	1508	74	67
118	1510	74	67
118	1520	74	61
118	1988	110	110
118	1989	110	110
118	1997	112	106
118	2003	102	102
118	2005	111	106
118	2012	111	106
118	2018	106	106
118	2028	109	102
118	2033	109	109
118	2042	109	108
118	2043	104	104
118	2045	105	105
118	2046	104	104
118	2047	108	106
118	2061	108	108
118	2067	105	105
118	2098	102	102
118	2300	60	59
118	2303	59	59
118	2309	88	57
118	2310	87	86
118	2311	85	85
118	2312	85	85
118	2313	84	84
118	2314	82	82
118	2315	84	84
118	2316	83	83
118	2317	87	87
118	2318	82	82
118	2405	82	82
118	2406	83	83
118	2407	83	83
118	2489	57	56
118	2659	58	56
118	2671	85	84
118	2672	84	84
118	2673	83	83
118	2674	82	82
118	2677	59	59
118	2696	88	88
118	2710	95	89
118	2735	90	89
118	2740	77	77
118	2741	77	75
118	2811	69	51
118	2850	59	57
118	2964	49	49
119	481	45	41
119	497	99	99
119	871	42	42
119	1456	43	43
119	1817	101	101
119	1818	100	100
119	1901	90	90
119	1902	90	90
119	1903	90	90
119	1906	101	101
119	1907	100	100
119	2012	99	99
119	2027	83	80
119	2052	100	100
119	2065	84	84
119	2066	83	82
119	2067	86	86
119	2071	85	84
119	2072	85	84
119	2105	83	80
119	2588	103	103
119	2589	102	102
119	2591	87	87
119	2611	96	96
119	2613	95	95
119	2623	94	93
119	2628	93	93
119	2633	98	98
119	2634	97	97
119	2670	92	92
119	2710	92	91
119	2713	92	91
119	2714	91	91
119	2833	103	103
119	2916	89	88
120	2404	7	4
120	2419	3	1
120	2990	1	1
121	203	67	67
122	475	98	98
122	476	98	98
122	1775	97	96
122	1776	97	96
123	940	86	85
124	2000	93	93
124	2007	92	91
124	2022	93	91
124	2049	90	90
124	2050	90	90
125	1991	85	85
125	1993	85	85
126	162	69	65
126	163	64	63
126	164	64	63
126	165	62	60
126	166	62	60
126	184	76	76
126	185	75	75
126	188	74	74
126	189	73	73
126	353	63	60
126	354	63	60
126	355	63	61
126	357	62	62
126	358	64	60
126	359	63	63
126	395	74	73
126	401	69	65
126	468	60	60
126	647	70	70
126	748	60	60
126	820	75	73
126	1382	99	99
126	1383	98	96
126	1384	98	96
126	1385	100	100
126	1386	100	100
126	1387	95	93
126	1388	93	93
126	1389	87	86
126	1390	85	85
126	1391	92	91
126	1392	90	90
126	1393	90	89
126	1394	88	86
126	1395	85	84
126	1396	84	83
126	1397	82	82
126	1398	92	91
126	1399	89	89
126	1400	88	86
126	1401	86	85
126	1402	83	83
126	1451	96	96
126	1771	104	78
126	1775	77	76
126	1776	76	76
126	1777	76	76
126	1778	95	93
126	1811	76	76
126	1814	76	76
126	1866	84	84
126	1868	82	82
126	1920	82	79
126	1935	84	84
126	1936	84	83
126	1943	83	83
126	1944	82	82
126	1970	98	98
126	1971	97	95
126	1976	83	83
126	1984	92	89
126	1985	92	89
126	1986	90	89
126	1992	84	83
126	1994	85	84
126	1995	84	83
126	2171	95	93
126	2172	101	100
126	2173	102	102
126	2174	99	98
126	2175	101	101
126	2176	99	97
126	2177	99	99
126	2178	98	96
126	2179	98	96
126	2180	97	97
126	2181	90	89
126	2182	92	91
126	2285	74	73
126	2712	76	73
126	2744	67	65
126	2745	69	62
126	2975	88	88
126	2976	89	87
126	2977	86	86
126	2978	87	87
126	2979	86	86
127	1858	86	85
127	1860	86	85
127	1862	86	85
127	1938	86	85
127	1947	86	85
128	1045	13	10
128	1046	15	14
128	1047	13	10
128	1048	15	13
128	1049	13	10
128	1050	15	14
128	1051	13	10
128	1052	15	14
128	1053	13	10
128	1054	13	12
128	1055	13	12
128	1446	10	4
128	2220	15	10
128	2228	16	10
128	2237	16	10
128	2353	8	6
128	2356	12	6
128	2938	9	6
128	2939	9	6
128	2940	14	6
128	2944	8	6
128	2945	14	6
128	2946	11	6
128	2947	10	6
128	2955	11	4
128	2962	8	4
129	868	88	88
129	1999	92	91
129	2018	90	89
129	2019	87	87
129	2020	88	88
129	2081	94	94
129	2082	93	93
129	2083	93	92
129	2084	91	90
129	2085	90	88
129	2086	88	86
